..49-

Thucydides.
στράτευμα. στρατιά.

711 5, 3. 6, 3. 20, 3. VII 1,1bis. 3,3. 4. 4,2. 5. 7,2. 3.
24, 3 bis. 25, 9. 11, 2. 3 bis. 12, 1 bis. 15,1 bis.
26,1. 42,2. 3. 6. 16,1.17,1.21,1.22,1.25,9.
44, 3. 47,3. 533. 27, 3. 31, 3. 5.- 33,3 bis. 6. 42,
71,4. 73,3. 74. 3. 5. 43, 1. 2. 3. 46. 48, 3. 49,
75,1. 4. 7. 76. 2. 50,1. 3. 52,1. 53,1. 73,1. 79,
78,1.79,5.80,1. , 1. 4. 5. 80,1. 82,3. 83,2. 84,1.
2. 4. 81,3. 85,1.3. VIII 6,3. 6,2. 19, 2. 20,2. 28,3. 32,2.

VIII 505. 51,1. 2. 63, 33, 2. 34,1. 37, 4. 38, 2. 40, 2.
3. 891. 2. 100, 5. 1 61,1. 1111151. 811. 10111.

’,Ι-103 Ι ψ 173 .-

--—-- »-.-...-,.-..-.-.-- ---—..- ..-..—..

Institutio Cyri.
στράτευμα. στρατιά.

---..-——.——

1 4, 11.”11,111-.“”“””“ῖ1’,ἶ4,11. 5, 111} 1,
11 1,1. 8. 10. 31. 2,18. 23. 911s¹ 13 bis. 11, 17

4, 12. 14. 21. 22. 23bis.30. quater. 43. 44,
. III 1,1. 51113. 10. 42. 3,l. 5. II 1,24. 219. 23. 4, 27.
6. 22. 26 bis. 29. 57. 59. III 1, 30. 31. 32. 31. 42.
17 1,1. 7. 19. 2, 3. 9111315 2, 29. 3, 3. 4. 6. 11. 21.
bis. 18 bis. 23. 5, 8. 9. 17 1,8. 3,1.
13. 16. 31. 56. V 2,1. 5. 3,2. 4. 4, 7. 43.
V 2, 32. 3, 8. 12. 16. 24. 28 5, 43.
bis.37bis.52. 56. 59. 4,1. 71 1, 2. 6. 13. 15. 24. 2,
614. 15. 23. 42. 50. 5, 13. 37. 39. 3, 34, 4,1.
1. 3. 4. 12.
711,12.23.24.55.2,6.10.11. 7111,16. 24. 4, 2. 4. 7
133, 1. 5. 7.10.12. 18. 20. bis. 5, 2. 3.
711 1,4. 5. 7. 22. 23. 24 bis. VIII 1,14. 619.
2,1. 5. 3,1. 4,1. 3. 7. 8
bis. 5,1. 2. 3. 13.
VIII 1. 2. 5,21, 23. 6,16. 1

 

