..48-

B.

στρᾶτευμα. στρατιά.

11 4, 66. Ι 111 1, 6. 26. 2,
111 1, 2. 6 biS.9 11. 19. 22. 26. 991311. Ι 27. 4, 21.
111713. 19. 39. 33. 24 bis. 26. 1, 4. 6. 26.6,6.24.
11. 16. 26. 917 bis. 16. 21 111. 33. 17 1, 11. 97.
17 1, 41. 2, 6. 6. 16. 6, 4. 13. 31 bis. 4, 1. 6. 4,14.
16 bis. 16. 6, 6. 6. 6. 19 bis. 91. 6. 6 911.
bis. 7, 3. 7. 8,19. 21. 30. 37 bis. 38. ⁴

62.

——-———---—

Thucydides,

στράτευμα. στρατιά.

1191. 1064. 1271. 30, 6. 19, 2. 66, 7. 66, 6.

11 10, 6. 67,1. 76,1. 19931993. 1993. 1191. 3.
191, 6. 126, 2. 141, 4.

11195,1.101,1.108,1. 11191. 393. 31, 6. 39, 6. 66,1.
113, 3. 6. 19 3. 1711913111393111.

171. 3911. 49314, 70, 3. 79, 3. 61,1. 62. 66,6. 1991.
1. 793. 793. 791. 11191. 193. 391. 3. 66,1. 393.
9913991113. 64, 3. 993. 1991. 2. 1931.
1391. 13911393, 1991. 119, 3.

7 9, 6. 19 6. 6. 10. 17 27,1. 60, 6. 4. 67,1. 42, 6. 44, 2.
17, 3. 64, 6. 66, 6. 67, 6. 193. 70, 1. 791. 3. 791.
71, 3. 791111. 3. 391. 66,1. 6. 66, 1. 7. 1991.
6. 76. 114,1. 6.121,2. 133, 3. 126, 2. 139, 6.

71 7, 2. 39, 3. 3. 62, 1. 133, 3. 1391.

3131. 47. 193. 7 3, 3. 9 2. 3193. 412. 191.
193 bis. 191. 1. 499133.19139131111193.
63,3.64,3bis.66,2. V17,1. 21. 22. 391. 31, 6. 33, 3.
3191319111. 67,1. 44, 1. 47. 46 111. 46, 3. 60,
70, 3. 73, 2. 74,1. 2 61,1. 6. 62, 1. 193. 61, 2. 62,
391. 97, 1. 66,6. 1. 994111. 991. 64, 3. 99, 3.
191, 1. 1991. 1991. 6. 193, 4. 106, 2.

ἱ
1

 

